image_width: 640
image_height: 480
camera_name: stereo/right
camera_matrix:
  rows: 3
  cols: 3
  data: [835.11549,   0.     , 363.15939,
           0.     , 830.93698, 267.9649 ,
           0.     ,   0.     ,   1.     ]
distortion_model: plumb_bob
distortion_coefficients:
  rows: 1
  cols: 5
  data: [-0.518489, 0.355089, -0.008522, -0.029556, 0.000000]
rectification_matrix:
  rows: 3
  cols: 3
  data: [ 0.99983555,  0.0117245 ,  0.01383501,
         -0.01235145,  0.99885877,  0.04613669,
         -0.01327829, -0.04629999,  0.99883933]
projection_matrix:
  rows: 3
  cols: 4
  data: [857.15275,   0.     , 337.99739, -38.39587,
           0.     , 857.15275, 244.32513,   0.     ,
           0.     ,   0.     ,   1.     ,   0.     ]
